original BBA:
[[1003.0640255032955, 1.338730624139974e-06], [1468.1902723244536, 1.2736881675826474e-06], [1515.4896973625787, 1.2488501317653816e-06], [1535.3410570279664, 1.563077849597984e-06], [996.4359586392395, 1.3359410502522075e-06], [1360.129682053634, 2.7810809489091847e-06], [1634.203817372895, 1.4203403651037245e-06], [1944.3635834321333, 1.4016093039999205e-06], [962.1520746733974, 1.3245423862607635e-06], [1391.4320800027003, 1.4277766090254058e-06], [1632.4709275956995, 1.5674499618079143e-06], [1862.3119642996699, 1.3173359339354468e-06], [1022.4077588924314, 1.4831431939640287e-06], [1399.8878565939467, 1.4003126339450164e-06], [1647.239833065784, 1.427400958994047e-06], [1867.1238357565817, 1.3624139822245946e-06], [918.3918549314956, 1.0257577783631037e-06], [1268.203516951356, 1.0873342423340885e-06], [1303.9777877439697, 9.866451184913737e-07], [1324.7899687878103, 9.546811230390776e-07], [963.3012172107768, 1.2524752531569605e-06], [1415.9670930158866, 1.2909467766490287e-06], [1619.5561920445953, 1.2149255025106696e-06], [1846.2505164302045, 1.193534155360988e-06]]
score:  [1.41261177e+03 1.36166642e-06]

three-day:
[[1010.9480585543731, 3.834069200374888e-06], [1319.6191380206217, 3.705026379534793e-06], [1354.5396815548938, 3.7552420475356757e-06], [1370.4664803581888, 3.670417498745294e-06], [1059.3265753320227, 3.7112177334542057e-06], [1351.4281960576639, 3.835525407277652e-06], [1594.4153874490041, 3.9792060852050784e-06], [1885.0974958663323, 3.6845158557502587e-06], [1048.1930876836377, 3.6785990393277855e-06], [1391.4952101270214, 3.995219950366437e-06], [1570.6106214361637, 3.944665647835302e-06], [1780.2607847290078, 3.7391736207764003e-06], [1078.9207531826148, 3.7529491809607422e-06], [1400.6212777273436, 3.976524797880512e-06], [1585.1238000970588, 3.997216133472048e-06], [1782.2704197644184, 3.5837618379645006e-06], [1006.7931399435477, 3.24494840738404e-06], [1186.9241800136328, 3.122513475275954e-06], [1203.3640092413211, 3.1868729547374716e-06], [1225.762765463801, 3.2201991003400645e-06], [1022.4700594543598, 3.587531141557918e-06], [1404.947616079413, 3.5413471686014055e-06], [1549.859602225532, 3.538333653100853e-06], [1765.1599693857145, 3.2158171544309517e-06]]
score:  [1.37285910e+03 3.64587056e-06]

TBBA : 
[[1052.119491379773, 6.923619833850369e-06], [1387.8916172060758, 6.4596409253091205e-06], [1419.6491496279684, 6.150443905907421e-06], [1427.597752365904, 5.844077692058423e-06], [1074.1524304415884, 5.4780033029879075e-06], [1372.4144737073366, 6.890927730674474e-06], [1621.7971758721903, 6.358866788903062e-06], [1914.015738861919, 7.180908099323713e-06], [1053.614621142137, 6.7895142309848275e-06], [1399.2260964251402, 6.828757674749672e-06], [1606.8528067274563, 6.802703266576523e-06], [1813.062611551095, 5.917096398567242e-06], [1087.0345297242582, 6.008546407731835e-06], [1407.6811584654452, 5.679277057321847e-06], [1620.9464080548346, 6.223392616855641e-06], [1817.5036212380128, 5.245966012360619e-06], [1013.2757133603336, 4.6463666963391905e-06], [1221.7562124783583, 4.511822022978848e-06], [1235.1219790984621, 4.581435510162938e-06], [1258.1203748644998, 4.396140786922934e-06], [1050.578198201132, 4.927679543540969e-06], [1427.0416474411109, 4.998321741656528e-06], [1588.7947632012886, 4.843691659103978e-06], [1796.5196907397287, 5.2084036863566746e-06]]
score:  [1.40278201e+03 5.78731682e-06]

PiTree:
[[990.6057438510655, 7.880492794812555e-05], [1114.3182645700583, 8.118077074916912e-05], [1137.7418498938555, 7.890394803209223e-05], [1164.6961551219006, 7.447694171437979e-05], [902.2160611892899, 6.924760584928552e-05], [1009.3798512809113, 7.698211372349945e-05], [1030.9812919103274, 7.169512836616363e-05], [1032.5684346865405, 7.251081823491725e-05], [985.1221263776108, 7.100630098676578e-05], [1094.8674806808726, 7.351496017695776e-05], [1083.4059986835334, 7.029142373246574e-05], [1065.499805213761, 6.963824802409105e-05], [933.581704967246, 7.40528400283443e-05], [1041.983626178217, 6.911595011018012e-05], [1043.4892096738645, 6.500037967181598e-05], [1055.8815792989212, 7.858472743997783e-05], [1060.4010782764776, 5.7387529661504825e-05], [1144.86597013046, 5.668396641803684e-05], [1168.1636890372697, 5.736135268905129e-05], [1193.8004343172474, 5.606949287073421e-05], [977.756961744605, 5.7052808706877664e-05], [1079.2332529603534, 5.5543597930116085e-05], [1076.4250980294476, 5.51910266850164e-05], [1063.7157008220481, 5.4423804165887056e-05]]
score:  [1.06044589e+03 6.76966943e-05]

PiTree fuck:
[[990.6057438510655, 7.969196626402874e-05], [1114.3182645700583, 7.348214185337503e-05], [1137.7418498938555, 7.952221754865725e-05], [1164.6961551219006, 7.759407370203385e-05], [902.2160611892899, 7.476881247799412e-05], [1009.3798512809113, 7.604308555592145e-05], [1030.9812919103274, 7.52937740846206e-05], [1032.5684346865405, 6.829362337281103e-05], [985.1221263776108, 7.196566294508668e-05], [1094.8674806808726, 7.507240023117898e-05], [1083.4059986835334, 7.583639823673853e-05], [1065.499805213761, 7.327780371806661e-05], [933.581704967246, 7.046614417066988e-05], [1041.983626178217, 6.875121365479433e-05], [1043.4892096738645, 6.971180113286919e-05], [1055.8815792989212, 6.906784149289309e-05], [1060.4010782764776, 5.9257770278421686e-05], [1144.86597013046, 5.848301988362081e-05], [1168.1636890372697, 5.649663269985138e-05], [1193.8004343172474, 5.7695477122191076e-05], [977.756961744605, 5.9498805817359134e-05], [1079.2332529603534, 5.58650233055073e-05], [1076.4250980294476, 5.6420445767908146e-05], [1063.7157008220481, 5.524866893643238e-05]]
score:  [1.06044589e+03 6.82418668e-05]

tuning monkey latency_limit = 2 :
[[1297.1570866960028, 1.7516543274138301e-06], [1533.0804885283044, 1.3921624490741374e-06], [1646.3084781487655, 1.4078401257400727e-06], [1861.7393614109399, 2.0406870456791185e-06], [808.5918024871727, 1.7897450194066882e-06], [1132.0761234262177, 1.4268678524978168e-06], [1231.363431156185, 1.3833467652197598e-06], [1485.9679426785258, 1.984623824658037e-06], [864.7072320702637, 1.8396187145371975e-06], [1204.5680398826128, 1.8705184161210006e-06], [1338.257441448653, 1.3959299095916695e-06], [1618.9278839921403, 1.3678044569296914e-06], [925.5459795106893, 1.3566334588596723e-06], [1205.974878684901, 2.7243685441213264e-06], [1350.3485782074215, 2.4414529990683976e-06], [1629.8061807150968, 1.4251128571932434e-06], [1197.722212264955, 1.1664063711382973e-06], [1452.4169061379046, 1.1906461397581187e-06], [1482.8289641469235, 1.1406526910742604e-06], [1507.3179749051615, 1.0958624867533353e-06], [875.7962668151689, 1.2975328606985956e-06], [1206.8040454429254, 1.3069784054990672e-06], [1335.6861319010022, 1.3306736946105957e-06], [1628.4866520554763, 1.2438235387124651e-06]]
score:  [1.32589500e+03 1.55712262e-06]

tuning monkey latency_limit = 3 :
[[1131.7189970207241, 1.873238336558674e-06], [1399.5746334097034, 1.4036257783275302e-06], [1558.140904623991, 1.9709323777612193e-06], [1836.4547723648473, 1.4286021336207485e-06], [570.6832474935748, 2.2157957457748278e-06], [937.2040132309681, 1.3967624598556405e-06], [1060.476656776467, 1.4204557250146151e-06], [1232.989816586565, 1.39590834273773e-06], [665.1998576326071, 1.3919923007611993e-06], [1054.738080033052, 1.4103468461673027e-06], [1179.3236310488414, 1.838231418950016e-06], [1366.9159332985523, 1.9033831325385089e-06], [691.1223668467409, 1.7722015083244116e-06], [1022.5118757248838, 1.3791492014182864e-06], [1173.2827824875094, 1.841151820608758e-06], [1382.2764865334666, 1.4000007363616442e-06], [1080.1397306027332, 1.2119081003160413e-06], [1405.3240698075956, 1.2663036815115956e-06], [1467.0952795775372, 1.227356250953025e-06], [1509.012529088126, 1.118841367549639e-06], [655.6180169953852, 1.319305822618589e-06], [1043.7074669860176, 1.317717272176428e-06], [1185.6835638359676, 1.3505011959805514e-06], [1370.125441593583, 1.2813451511612356e-06]]
score:  [1.16580501e+03 1.50562736e-06]

tuning monkey latency_limit = 0 :
[[1324.7239017863483, 2.1370589567094126e-06], [1539.3959710526472, 1.3858827043708652e-06], [1654.5525479663997, 1.9558043865108227e-06], [1813.4111135745156, 1.418831288648515e-06], [928.960757733339, 1.3833710936461987e-06], [1259.7300120483674, 1.4525854668649685e-06], [1431.7866890034643, 1.4258485262085791e-06], [1674.4025491542775, 1.589011172859036e-06], [985.964653675542, 1.4158955142349738e-06], [1282.5524677138922, 1.8434875486421843e-06], [1479.973836626809, 1.529188180822106e-06], [1704.3955888153716, 1.4296157763955372e-06], [1034.4303438213037, 1.4300795547157041e-06], [1332.8616395149807, 1.440294944700676e-06], [1475.8988390136649, 1.4257398459429298e-06], [1703.2026670280109, 2.7221571552297463e-06], [1193.3543153376368, 1.1618463937232815e-06], [1361.0874299453524, 1.1940811270936486e-06], [1410.2168740046825, 1.1677180223214532e-06], [1473.2019008108944, 1.1438254010516587e-06], [981.5299878681128, 1.3128248720221181e-06], [1288.362056278879, 1.3139241380118279e-06], [1452.9974847641702, 1.2907174115623932e-06], [1697.2741593457927, 1.3376194271233563e-06]]
score:  [1.39517782e+03 1.49614204e-06]

Final result for new training 
[[729.9437293975168, 0.571987661865683], [368.025253817203, 0.5785818310386436], [1711.2629087378787, 0.554317250067916│
8], [3614.3546443389923, 0.5765809076493166], [-189.8830285530779, 0.5558779781935167], [-691.4196779002252, 0.54627210│
57261732], [849.2550273201508, 0.5757666027344518], [3099.1084115969006, 0.5546375355509674], [-411.13910062196055, 0.5│
633468846867374], [-935.3212298665046, 0.5492211178076165], [672.7438542106205, 0.5765106334153838], [3133.371029744105│
, 0.5569168428171662], [-78.89761696989964, 0.578204389658353], [-521.7649204632919, 0.5672172587826757], [1021.9071796│
121203, 0.5711661479484894], [3234.495551119256, 0.5666023332335527], [824.027091554736, 0.32083868442815444], [482.776│
6403003059, 0.3104851275142729], [1846.4645804168729, 0.3052231223404593], [3833.0310186753995, 0.3040467229948728], [-│
248.3694452693701, 0.29991138183049026], [-778.3730379121287, 0.3030577370925954], [803.6187855660306, 0.30019154585769│
22], [3322.0868126379282, 0.2916208071216859]]                                                                         │
score:  [1.07047102e+03 4.78274275e-01]